5.9500e+01 4.7800e-03 4.9823e+05 3.8000e+00 3.6300e+03 3.9000e-03 -2.3518e+05 -4.0000e+00 -7.2000e-03 -1.2000e+02 4.2000e+01 -2.6000e-04 2.8990e+04 3.0000e+00 -0.0000e+00 -3.2000e+01 1.0000e+01 0.0000e+00 0.0000e+00 1.0000e+01 1.0000e+01 8.0000e+00 7.0000e+00 -1.0000e+01 0.0000e+00 -0.0000e+00 0.0000e+00 -0.0000e+00
4.7800e-03 7.3000e-05 1.1665e+01 -2.4700e-03 1.2253e+00 1.0000e-05 2.2425e+01 -2.7100e-03 2.0000e-05 8.4550e-02 3.9600e-03 -0.0000e+00 -1.1393e+01 -8.1000e-04 -3.6000e-04 3.1000e-04 5.1100e-03 5.2800e-03 5.6200e-03 5.2900e-03 5.9700e-03 4.7600e-03 1.7900e-03 1.6980e-02 5.8900e-03 4.8300e-03 5.8100e-03 5.4400e-03
4.9823e+05 1.1665e+01 1.7200e+10 7.8149e+04 -1.0000e+07 4.9080e+01 5.0000e+09 -1.0649e+04 -4.0431e+01 0.0000e+00 4.1128e+05 8.4233e-01 0.0000e+00 2.6858e+05 2.1860e+04 -2.0868e+05 2.4810e+04 -1.8910e+05 4.2414e+05 -1.5375e+05 1.4343e+05 -3.0229e+05 1.0189e+05 -1.3566e+05 -2.9000e+02 3.7710e+04 3.2860e+04 -4.1040e+04
3.8000e+00 -2.4700e-03 7.8149e+04 3.2800e+00 1.2650e+02 5.6000e-04 7.7464e+04 -0.0000e+00 -2.5000e-03 4.4200e+01 2.9000e+00 2.0000e-05 -2.7043e+03 2.7000e+00 -1.4000e+00 -2.5000e+00 -3.4000e+00 -4.1000e+00 -7.0000e+00 -1.3000e+00 1.0000e-01 -3.4000e+00 1.1000e+00 -3.6000e+00 -7.0000e-01 -3.1000e+00 -5.0000e-01 -1.3000e+00
3.6300e+03 1.2253e+00 -1.0000e+07 1.2650e+02 2.4500e+08 -1.5380e+00 -4.0000e+07 2.2900e+02 -1.0975e+01 0.0000e+00 2.6740e+03 7.0978e-01 1.0000e+07 9.3200e+02 5.6000e+02 1.9200e+02 -5.6000e+02 -4.5000e+02 -3.6000e+02 5.0000e+01 1.1900e+03 7.3100e+02 1.3800e+02 -2.7000e+02 -2.0000e+01 6.7000e+02 6.6000e+02 4.5000e+02
3.9000e-03 1.0000e-05 4.9080e+01 5.6000e-04 -1.5380e+00 9.4200e-05 -1.4773e+02 3.1000e-04 2.0000e-05 -2.0508e-01 1.0300e-03 0.0000e+00 1.2035e+02 3.9700e-03 2.8100e-03 -2.3000e-04 -8.8000e-04 -5.2000e-04 -1.3900e-03 -3.0000e-04 -2.5700e-03 1.3900e-03 -6.7000e-04 -1.4900e-03 6.6000e-04 4.0800e-03 -4.1000e-04 1.8200e-03
-2.3518e+05 2.2425e+01 5.0000e+09 7.7464e+04 -4.0000e+07 -1.4773e+02 1.2700e+11 -2.5908e+05 7.9781e+01 -2.0000e+06 -1.6165e+04 2.1847e+01 1.0000e+10 9.1310e+04 1.9806e+05 -2.0623e+05 9.1830e+04 1.2690e+05 -1.1094e+05 -2.7526e+05 -2.6728e+05 -3.0732e+04 -2.8622e+05 3.9866e+05 2.5720e+04 2.6549e+05 -2.7170e+04 9.1560e+04
-4.0000e+00 -2.7100e-03 -1.0649e+04 -0.0000e+00 2.2900e+02 3.1000e-04 -2.5908e+05 6.6900e+00 -6.6000e-03 1.1400e+02 -5.0000e+00 2.0000e-05 3.2570e+03 -4.0000e+00 1.0000e+00 -2.0000e+00 2.0000e+00 3.0000e+00 -2.0000e+00 -8.0000e+00 -5.0000e+00 -5.0000e+00 1.0000e+00 -3.0000e+00 -1.0000e+00 -0.0000e+00 -1.0000e+00 -1.0000e+00
-7.2000e-03 2.0000e-05 -4.0431e+01 -2.5000e-03 -1.0975e+01 2.0000e-05 7.9781e+01 -6.6000e-03 1.1600e-03 1.5999e+01 -3.4000e-03 -0.0000e+00 -1.7700e+02 -9.3000e-03 -4.3000e-03 -1.3000e-03 6.2000e-03 6.4000e-03 5.0000e-03 7.0000e-04 1.0000e-03 -1.7000e-03 1.1000e-02 -1.9000e-03 2.7000e-03 -3.1000e-03 3.1000e-03 1.4000e-03
-1.2000e+02 8.4550e-02 0.0000e+00 4.4200e+01 0.0000e+00 -2.0508e-01 -2.0000e+06 1.1400e+02 1.5999e+01 7.7600e+06 -1.1900e+02 -2.1270e-02 -1.0000e+06 -1.6000e+01 0.0000e+00 4.2000e+01 -1.5000e+02 -1.4000e+02 -1.1000e+02 -9.0000e+01 -1.0300e+03 -2.3300e+02 -2.2800e+02 1.4000e+02 -1.6000e+02 -1.1000e+02 -4.9000e+02 -2.0000e+01
4.2000e+01 3.9600e-03 4.1128e+05 2.9000e+00 2.6740e+03 1.0300e-03 -1.6165e+04 -5.0000e+00 -3.4000e-03 -1.1900e+02 3.3800e+01 -8.0000e-05 1.1320e+04 5.0000e+00 -9.0000e+00 -2.0000e+01 9.0000e+00 -1.0000e+00 8.0000e+00 1.2000e+01 3.0000e+00 3.0000e+00 2.0000e+00 0.0000e+00 1.0000e+00 -4.0000e+00 2.0000e+00 -0.0000e+00
-2.6000e-04 -0.0000e+00 8.4233e-01 2.0000e-05 7.0978e-01 0.0000e+00 2.1847e+01 2.0000e-05 -0.0000e+00 -2.1270e-02 -8.0000e-05 9.8400e-05 -8.4694e+01 -3.2000e-04 -2.0000e-04 1.5000e-04 3.0000e-05 3.0000e-05 5.0000e-05 -1.5000e-04 7.0000e-05 -1.6000e-04 5.0000e-05 1.6000e-04 -1.0000e-04 -4.1000e-04 1.0000e-05 -1.8000e-04
2.8990e+04 -1.1393e+01 0.0000e+00 -2.7043e+03 1.0000e+07 1.2035e+02 1.0000e+10 3.2570e+03 -1.7700e+02 -1.0000e+06 1.1320e+04 -8.4694e+01 1.0600e+11 -2.0404e+05 -1.0188e+05 1.3258e+05 1.7650e+04 4.6230e+04 4.6750e+04 2.9420e+04 4.9580e+04 -2.9390e+04 1.8859e+05 -2.6615e+05 -1.8530e+04 -1.5162e+05 8.1500e+03 -5.1180e+04
3.0000e+00 -8.1000e-04 2.6858e+05 2.7000e+00 9.3200e+02 3.9700e-03 9.1310e+04 -4.0000e+00 -9.3000e-03 -1.6000e+01 5.0000e+00 -3.2000e-04 -2.0404e+05 3.4300e+01 -3.0000e+00 1.1000e+01 3.0000e+00 8.0000e+00 1.0000e+00 -2.0000e+00 -2.0000e+00 -1.0000e+00 7.0000e+00 -1.0000e+01 -1.0000e+00 -6.0000e+00 -0.0000e+00 -2.0000e+00
-0.0000e+00 -3.6000e-04 2.1860e+04 -1.4000e+00 5.6000e+02 2.8100e-03 1.9806e+05 1.0000e+00 -4.3000e-03 0.0000e+00 -9.0000e+00 -2.0000e-04 -1.0188e+05 -3.0000e+00 4.6800e+01 1.0000e+00 0.0000e+00 -0.0000e+00 0.0000e+00 0.0000e+00 0.0000e+00 -1.0000e+00 5.0000e+00 -1.0000e+01 -0.0000e+00 -0.0000e+00 0.0000e+00 -0.0000e+00
-3.2000e+01 3.1000e-04 -2.0868e+05 -2.5000e+00 1.9200e+02 -2.3000e-04 -2.0623e+05 -2.0000e+00 -1.3000e-03 4.2000e+01 -2.0000e+01 1.5000e-04 1.3258e+05 1.1000e+01 1.0000e+00 2.8600e+01 2.0000e+00 -5.0000e+00 -0.0000e+00 -0.0000e+00 2.0000e+00 -2.0000e+00 -0.0000e+00 0.0000e+00 0.0000e+00 2.0000e+00 0.0000e+00 -0.0000e+00
1.0000e+01 5.1100e-03 2.4810e+04 -3.4000e+00 -5.6000e+02 -8.8000e-04 9.1830e+04 2.0000e+00 6.2000e-03 -1.5000e+02 9.0000e+00 3.0000e-05 1.7650e+04 3.0000e+00 0.0000e+00 2.0000e+00 5.1600e+01 -0.0000e+00 -0.0000e+00 0.0000e+00 0.0000e+00 1.0000e+00 -1.0000e+00 1.0000e+01 0.0000e+00 0.0000e+00 0.0000e+00 0.0000e+00
0.0000e+00 5.2800e-03 -1.8910e+05 -4.1000e+00 -4.5000e+02 -5.2000e-04 1.2690e+05 3.0000e+00 6.4000e-03 -1.4000e+02 -1.0000e+00 3.0000e-05 4.6230e+04 8.0000e+00 -0.0000e+00 -5.0000e+00 -0.0000e+00 4.8600e+01 0.0000e+00 0.0000e+00 0.0000e+00 1.0000e+00 -1.0000e+00 1.0000e+01 0.0000e+00 0.0000e+00 0.0000e+00 0.0000e+00
0.0000e+00 5.6200e-03 4.2414e+05 -7.0000e+00 -3.6000e+02 -1.3900e-03 -1.1094e+05 -2.0000e+00 5.0000e-03 -1.1000e+02 8.0000e+00 5.0000e-05 4.6750e+04 1.0000e+00 0.0000e+00 -0.0000e+00 -0.0000e+00 0.0000e+00 4.6500e+01 -0.0000e+00 -0.0000e+00 1.0000e+00 -2.0000e+00 1.0000e+01 0.0000e+00 0.0000e+00 0.0000e+00 0.0000e+00
1.0000e+01 5.2900e-03 -1.5375e+05 -1.3000e+00 5.0000e+01 -3.0000e-04 -2.7526e+05 -8.0000e+00 7.0000e-04 -9.0000e+01 1.2000e+01 -1.5000e-04 2.9420e+04 -2.0000e+00 0.0000e+00 -0.0000e+00 0.0000e+00 0.0000e+00 -0.0000e+00 3.5800e+01 -0.0000e+00 -5.0000e+00 -1.0000e+00 1.0000e+01 0.0000e+00 0.0000e+00 0.0000e+00 0.0000e+00
1.0000e+01 5.9700e-03 1.4343e+05 1.0000e-01 1.1900e+03 -2.5700e-03 -2.6728e+05 -5.0000e+00 1.0000e-03 -1.0300e+03 3.0000e+00 7.0000e-05 4.9580e+04 -2.0000e+00 0.0000e+00 2.0000e+00 0.0000e+00 0.0000e+00 -0.0000e+00 -0.0000e+00 5.0800e+01 0.0000e+00 -3.0000e+00 1.0000e+01 0.0000e+00 0.0000e+00 0.0000e+00 0.0000e+00
8.0000e+00 4.7600e-03 -3.0229e+05 -3.4000e+00 7.3100e+02 1.3900e-03 -3.0732e+04 -5.0000e+00 -1.7000e-03 -2.3300e+02 3.0000e+00 -1.6000e-04 -2.9390e+04 -1.0000e+00 -1.0000e+00 -2.0000e+00 1.0000e+00 1.0000e+00 1.0000e+00 -5.0000e+00 0.0000e+00 3.4600e+01 3.0000e+00 0.0000e+00 1.0000e+00 -0.0000e+00 1.0000e+00 0.0000e+00
7.0000e+00 1.7900e-03 1.0189e+05 1.1000e+00 1.3800e+02 -6.7000e-04 -2.8622e+05 1.0000e+00 1.1000e-02 -2.2800e+02 2.0000e+00 5.0000e-05 1.8859e+05 7.0000e+00 5.0000e+00 -0.0000e+00 -1.0000e+00 -1.0000e+00 -2.0000e+00 -1.0000e+00 -3.0000e+00 3.0000e+00 3.0800e+01 1.4000e+01 1.0000e+00 8.0000e+00 -0.0000e+00 3.0000e+00
-1.0000e+01 1.6980e-02 -1.3566e+05 -3.6000e+00 -2.7000e+02 -1.4900e-03 3.9866e+05 -3.0000e+00 -1.9000e-03 1.4000e+02 0.0000e+00 1.6000e-04 -2.6615e+05 -1.0000e+01 -1.0000e+01 0.0000e+00 1.0000e+01 1.0000e+01 1.0000e+01 1.0000e+01 1.0000e+01 0.0000e+00 1.4000e+01 6.0200e+01 0.0000e+00 -1.0000e+01 1.0000e+01 0.0000e+00
0.0000e+00 5.8900e-03 -2.9000e+02 -7.0000e-01 -2.0000e+01 6.6000e-04 2.5720e+04 -1.0000e+00 2.7000e-03 -1.6000e+02 1.0000e+00 -1.0000e-04 -1.8530e+04 -1.0000e+00 -0.0000e+00 0.0000e+00 0.0000e+00 0.0000e+00 0.0000e+00 0.0000e+00 0.0000e+00 1.0000e+00 1.0000e+00 0.0000e+00 5.5900e+01 0.0000e+00 0.0000e+00 0.0000e+00
-0.0000e+00 4.8300e-03 3.7710e+04 -3.1000e+00 6.7000e+02 4.0800e-03 2.6549e+05 -0.0000e+00 -3.1000e-03 -1.1000e+02 -4.0000e+00 -4.1000e-04 -1.5162e+05 -6.0000e+00 -0.0000e+00 2.0000e+00 0.0000e+00 0.0000e+00 0.0000e+00 0.0000e+00 0.0000e+00 -0.0000e+00 8.0000e+00 -1.0000e+01 0.0000e+00 5.1200e+01 0.0000e+00 -0.0000e+00
0.0000e+00 5.8100e-03 3.2860e+04 -5.0000e-01 6.6000e+02 -4.1000e-04 -2.7170e+04 -1.0000e+00 3.1000e-03 -4.9000e+02 2.0000e+00 1.0000e-05 8.1500e+03 -0.0000e+00 0.0000e+00 0.0000e+00 0.0000e+00 0.0000e+00 0.0000e+00 0.0000e+00 0.0000e+00 1.0000e+00 -0.0000e+00 1.0000e+01 0.0000e+00 0.0000e+00 5.4900e+01 0.0000e+00
-0.0000e+00 5.4400e-03 -4.1040e+04 -1.3000e+00 4.5000e+02 1.8200e-03 9.1560e+04 -1.0000e+00 1.4000e-03 -2.0000e+01 -0.0000e+00 -1.8000e-04 -5.1180e+04 -2.0000e+00 -0.0000e+00 -0.0000e+00 0.0000e+00 0.0000e+00 0.0000e+00 0.0000e+00 0.0000e+00 0.0000e+00 3.0000e+00 0.0000e+00 0.0000e+00 -0.0000e+00 0.0000e+00 5.2000e+01
