1.5800e-15 6.2010e-13 -1.6761e-05 9.2165e-11 2.2650e-13 -1.2240e-13 -9.3469e-07 -2.2643e-12 5.0100e-14 -6.4977e-09 -0.0000e+00 -1.5280e-13 2.7300e-07 -1.4114e-12 -1.1794e-11 -6.5960e-12 2.3116e-10 2.1823e-10 6.3380e-10 4.4859e-10 1.6410e-10 5.6110e-11 4.5512e-10 1.5918e-10 1.7381e-10 6.1315e-10 3.0461e-10 3.0970e-10
6.2010e-13 8.9800e-10 -6.5673e-03 3.6300e-08 8.9000e-11 -0.0000e+00 -3.6720e-04 -9.0000e-10 0.0000e+00 -2.7306e-06 -0.0000e+00 -1.0000e-10 1.1057e-04 -6.0000e-10 -4.8000e-09 -2.7000e-09 9.0100e-08 8.5100e-08 2.4900e-07 1.7640e-07 6.4400e-08 2.2000e-08 1.7870e-07 6.2100e-08 6.7800e-08 2.4080e-07 1.1910e-07 1.2160e-07
-1.6761e-05 -6.5673e-03 1.7900e+05 -9.7858e-01 -2.4099e-03 1.3025e-03 1.0000e+04 2.4161e-02 -5.2888e-04 1.0000e+02 1.4820e-07 1.6304e-03 -0.0000e+00 1.5061e-02 1.2595e-01 7.0440e-02 -2.4533e+00 -2.3161e+00 -6.7289e+00 -4.7637e+00 -1.7419e+00 -5.9575e-01 -4.8319e+00 -1.6892e+00 -1.8446e+00 -6.5096e+00 -3.2332e+00 -3.2878e+00
9.2165e-11 3.6300e-08 -9.7858e-01 5.5300e-06 1.3251e-08 -7.0000e-09 -5.4545e-02 -1.0000e-07 2.9000e-09 -3.9500e-04 -0.0000e+00 -9.0000e-09 1.5940e-02 -0.0000e+00 -1.0000e-06 -4.0000e-07 1.3000e-05 1.3000e-05 3.7000e-05 2.6000e-05 1.0000e-05 3.0000e-06 2.7000e-05 9.0000e-06 1.0000e-05 3.6000e-05 1.8000e-05 1.8000e-05
2.2650e-13 8.9000e-11 -2.4099e-03 1.3251e-08 3.2700e-11 -1.8000e-11 -1.3439e-04 -3.2600e-10 7.0000e-12 -9.3423e-07 -0.0000e+00 -2.2000e-11 3.9252e-05 -2.0300e-10 -1.6960e-09 -9.4800e-10 3.3236e-08 3.1377e-08 9.1127e-08 6.4498e-08 2.3594e-08 8.0670e-09 6.5436e-08 2.2887e-08 2.4991e-08 8.8159e-08 4.3796e-08 4.4528e-08
-1.2240e-13 -0.0000e+00 1.3025e-03 -7.0000e-09 -1.8000e-11 3.8200e-09 4.0478e-05 0.0000e+00 -0.0000e+00 -4.0630e-05 -0.0000e+00 0.0000e+00 -4.9709e-05 0.0000e+00 1.0000e-09 0.0000e+00 -1.8000e-08 -1.7000e-08 -4.9000e-08 -3.5000e-08 -1.3000e-08 -5.0000e-09 -3.5000e-08 -1.2000e-08 -1.3000e-08 -4.8000e-08 -2.3000e-08 -2.4000e-08
-9.3469e-07 -3.6720e-04 1.0000e+04 -5.4545e-02 -1.3439e-04 4.0478e-05 1.8200e+04 2.9443e-03 -1.7671e-05 -0.0000e+00 -2.3700e-08 2.9396e-04 0.0000e+00 2.6140e-03 4.1110e-03 1.2942e-03 -1.3688e-01 -1.2922e-01 -3.7529e-01 -2.6522e-01 -9.6177e-02 -3.0920e-02 -2.6930e-01 -9.4300e-02 -1.0292e-01 -3.6307e-01 -1.7856e-01 -1.7981e-01
-2.2643e-12 -9.0000e-10 2.4161e-02 -1.0000e-07 -3.2600e-10 0.0000e+00 2.9443e-03 1.0300e-06 -6.0000e-10 7.3800e-05 0.0000e+00 0.0000e+00 -3.4000e-04 0.0000e+00 0.0000e+00 0.0000e+00 -3.0000e-07 -3.0000e-07 -9.0000e-07 -7.0000e-07 -3.0000e-07 -1.0000e-07 -7.0000e-07 -2.0000e-07 -2.0000e-07 -9.0000e-07 -5.0000e-07 -5.0000e-07
5.0100e-14 0.0000e+00 -5.2888e-04 2.9000e-09 7.0000e-12 -0.0000e+00 -1.7671e-05 -6.0000e-10 3.9200e-10 4.0859e-06 0.0000e+00 -0.0000e+00 8.9959e-06 -0.0000e+00 -4.0000e-10 -2.0000e-10 7.3000e-09 6.9000e-09 2.0100e-08 1.4200e-08 1.3000e-09 1.8000e-09 1.4400e-08 5.1000e-09 5.5000e-09 1.9500e-08 8.9000e-09 1.0200e-08
-6.4977e-09 -2.7306e-06 1.0000e+02 -3.9500e-04 -9.3423e-07 -4.0630e-05 -0.0000e+00 7.3800e-05 4.0859e-06 6.5700e+02 -1.9600e-08 -1.2800e-07 -0.0000e+00 5.0000e-06 5.4000e-05 3.3000e-05 -9.6000e-04 -9.0000e-04 -2.6200e-03 -1.8100e-03 -1.9600e-03 -7.7600e-04 -2.2000e-03 -7.0000e-04 -7.2000e-04 -2.5300e-03 -1.4800e-03 -2.5700e-03
-0.0000e+00 -0.0000e+00 1.4820e-07 -0.0000e+00 -0.0000e+00 -0.0000e+00 -2.3700e-08 0.0000e+00 0.0000e+00 -1.9600e-08 1.9100e-09 0.0000e+00 -3.4000e-09 0.0000e+00 0.0000e+00 0.0000e+00 -0.0000e+00 -0.0000e+00 -0.0000e+00 -0.0000e+00 -0.0000e+00 0.0000e+00 -0.0000e+00 -0.0000e+00 -0.0000e+00 -0.0000e+00 -0.0000e+00 -0.0000e+00
-1.5280e-13 -1.0000e-10 1.6304e-03 -9.0000e-09 -2.2000e-11 0.0000e+00 2.9396e-04 0.0000e+00 -0.0000e+00 -1.2800e-07 0.0000e+00 1.1000e-08 -6.1332e-04 -1.0000e-09 1.0000e-09 3.0000e-09 -2.2000e-08 -2.1000e-08 -6.1000e-08 -4.3000e-08 -1.6000e-08 -5.0000e-09 -4.4000e-08 -1.5000e-08 -1.7000e-08 -5.9000e-08 -2.9000e-08 -3.0000e-08
2.7300e-07 1.1057e-04 -0.0000e+00 1.5940e-02 3.9252e-05 -4.9709e-05 0.0000e+00 -3.4000e-04 8.9959e-06 -0.0000e+00 -3.4000e-09 -6.1332e-04 6.5200e+04 -7.0250e-03 -2.3400e-03 5.2171e-03 3.9950e-02 3.7720e-02 1.0960e-01 7.7610e-02 2.8409e-02 9.7850e-03 7.8700e-02 2.7500e-02 3.0040e-02 1.0603e-01 5.2710e-02 5.3670e-02
-1.4114e-12 -6.0000e-10 1.5061e-02 -0.0000e+00 -2.0300e-10 0.0000e+00 2.6140e-03 0.0000e+00 -0.0000e+00 5.0000e-06 0.0000e+00 -1.0000e-09 -7.0250e-03 9.3200e-06 0.0000e+00 0.0000e+00 -0.0000e+00 -0.0000e+00 -1.0000e-06 -0.0000e+00 -0.0000e+00 -0.0000e+00 -0.0000e+00 -0.0000e+00 -0.0000e+00 -1.0000e-06 -0.0000e+00 -0.0000e+00
-1.1794e-11 -4.8000e-09 1.2595e-01 -1.0000e-06 -1.6960e-09 1.0000e-09 4.1110e-03 0.0000e+00 -4.0000e-10 5.4000e-05 0.0000e+00 1.0000e-09 -2.3400e-03 0.0000e+00 7.0300e-06 1.0000e-07 -2.0000e-06 -2.0000e-06 -5.0000e-06 -3.0000e-06 -1.0000e-06 -0.0000e+00 -3.0000e-06 -1.0000e-06 -1.0000e-06 -5.0000e-06 -2.0000e-06 -2.0000e-06
-6.5960e-12 -2.7000e-09 7.0440e-02 -4.0000e-07 -9.4800e-10 0.0000e+00 1.2942e-03 0.0000e+00 -2.0000e-10 3.3000e-05 0.0000e+00 3.0000e-09 5.2171e-03 0.0000e+00 1.0000e-07 3.2700e-06 -1.0000e-06 -9.0000e-07 -2.6000e-06 -1.9000e-06 -7.0000e-07 -2.0000e-07 -1.9000e-06 -7.0000e-07 -7.0000e-07 -2.6000e-06 -1.3000e-06 -1.3000e-06
2.3116e-10 9.0100e-08 -2.4533e+00 1.3000e-05 3.3236e-08 -1.8000e-08 -1.3688e-01 -3.0000e-07 7.3000e-09 -9.6000e-04 -0.0000e+00 -2.2000e-08 3.9950e-02 -0.0000e+00 -2.0000e-06 -1.0000e-06 4.5200e-05 3.0000e-05 9.0000e-05 7.0000e-05 2.4000e-05 8.0000e-06 7.0000e-05 2.0000e-05 3.0000e-05 9.0000e-05 4.0000e-05 5.0000e-05
2.1823e-10 8.5100e-08 -2.3161e+00 1.3000e-05 3.1377e-08 -1.7000e-08 -1.2922e-01 -3.0000e-07 6.9000e-09 -9.0000e-04 -0.0000e+00 -2.1000e-08 3.7720e-02 -0.0000e+00 -2.0000e-06 -9.0000e-07 3.0000e-05 4.5800e-05 9.0000e-05 6.0000e-05 2.3000e-05 8.0000e-06 6.0000e-05 2.0000e-05 2.0000e-05 8.0000e-05 4.0000e-05 4.0000e-05
6.3380e-10 2.4900e-07 -6.7289e+00 3.7000e-05 9.1127e-08 -4.9000e-08 -3.7529e-01 -9.0000e-07 2.0100e-08 -2.6200e-03 -0.0000e+00 -6.1000e-08 1.0960e-01 -1.0000e-06 -5.0000e-06 -2.6000e-06 9.0000e-05 9.0000e-05 2.5900e-04 1.8000e-04 6.6000e-05 2.3000e-05 1.8000e-04 6.0000e-05 7.0000e-05 2.5000e-04 1.2000e-04 1.2000e-04
4.4859e-10 1.7640e-07 -4.7637e+00 2.6000e-05 6.4498e-08 -3.5000e-08 -2.6522e-01 -7.0000e-07 1.4200e-08 -1.8100e-03 -0.0000e+00 -4.3000e-08 7.7610e-02 -0.0000e+00 -3.0000e-06 -1.9000e-06 7.0000e-05 6.0000e-05 1.8000e-04 1.2800e-04 4.7000e-05 1.6000e-05 1.3000e-04 5.0000e-05 5.0000e-05 1.7000e-04 9.0000e-05 9.0000e-05
1.6410e-10 6.4400e-08 -1.7419e+00 1.0000e-05 2.3594e-08 -1.3000e-08 -9.6177e-02 -3.0000e-07 1.3000e-09 -1.9600e-03 -0.0000e+00 -1.6000e-08 2.8409e-02 -0.0000e+00 -1.0000e-06 -7.0000e-07 2.4000e-05 2.3000e-05 6.6000e-05 4.7000e-05 3.5000e-05 6.0000e-06 4.7000e-05 1.7000e-05 1.8000e-05 6.4000e-05 3.2000e-05 3.2000e-05
5.6110e-11 2.2000e-08 -5.9575e-01 3.0000e-06 8.0670e-09 -5.0000e-09 -3.0920e-02 -1.0000e-07 1.8000e-09 -7.7600e-04 0.0000e+00 -5.0000e-09 9.7850e-03 -0.0000e+00 -0.0000e+00 -2.0000e-07 8.0000e-06 8.0000e-06 2.3000e-05 1.6000e-05 6.0000e-06 6.3300e-06 1.6000e-05 6.0000e-06 6.0000e-06 2.2000e-05 1.1000e-05 1.1000e-05
4.5512e-10 1.7870e-07 -4.8319e+00 2.7000e-05 6.5436e-08 -3.5000e-08 -2.6930e-01 -7.0000e-07 1.4400e-08 -2.2000e-03 -0.0000e+00 -4.4000e-08 7.8700e-02 -0.0000e+00 -3.0000e-06 -1.9000e-06 7.0000e-05 6.0000e-05 1.8000e-04 1.3000e-04 4.7000e-05 1.6000e-05 4.9400e-04 0.0000e+00 5.0000e-05 1.8000e-04 9.0000e-05 9.0000e-05
1.5918e-10 6.2100e-08 -1.6892e+00 9.0000e-06 2.2887e-08 -1.2000e-08 -9.4300e-02 -2.0000e-07 5.1000e-09 -7.0000e-04 -0.0000e+00 -1.5000e-08 2.7500e-02 -0.0000e+00 -1.0000e-06 -7.0000e-07 2.0000e-05 2.0000e-05 6.0000e-05 5.0000e-05 1.7000e-05 6.0000e-06 0.0000e+00 1.2200e-03 2.0000e-05 6.0000e-05 3.0000e-05 3.0000e-05
1.7381e-10 6.7800e-08 -1.8446e+00 1.0000e-05 2.4991e-08 -1.3000e-08 -1.0292e-01 -2.0000e-07 5.5000e-09 -7.2000e-04 -0.0000e+00 -1.7000e-08 3.0040e-02 -0.0000e+00 -1.0000e-06 -7.0000e-07 3.0000e-05 2.0000e-05 7.0000e-05 5.0000e-05 1.8000e-05 6.0000e-06 5.0000e-05 2.0000e-05 2.3100e-04 7.0000e-05 3.0000e-05 3.0000e-05
6.1315e-10 2.4080e-07 -6.5096e+00 3.6000e-05 8.8159e-08 -4.8000e-08 -3.6307e-01 -9.0000e-07 1.9500e-08 -2.5300e-03 -0.0000e+00 -5.9000e-08 1.0603e-01 -1.0000e-06 -5.0000e-06 -2.6000e-06 9.0000e-05 8.0000e-05 2.5000e-04 1.7000e-04 6.4000e-05 2.2000e-05 1.8000e-04 6.0000e-05 7.0000e-05 2.4900e-04 1.2000e-04 1.2000e-04
3.0461e-10 1.1910e-07 -3.2332e+00 1.8000e-05 4.3796e-08 -2.3000e-08 -1.7856e-01 -5.0000e-07 8.9000e-09 -1.4800e-03 -0.0000e+00 -2.9000e-08 5.2710e-02 -0.0000e+00 -2.0000e-06 -1.3000e-06 4.0000e-05 4.0000e-05 1.2000e-04 9.0000e-05 3.2000e-05 1.1000e-05 9.0000e-05 3.0000e-05 3.0000e-05 1.2000e-04 1.0100e-04 6.0000e-05
3.0970e-10 1.2160e-07 -3.2878e+00 1.8000e-05 4.4528e-08 -2.4000e-08 -1.7981e-01 -5.0000e-07 1.0200e-08 -2.5700e-03 -0.0000e+00 -3.0000e-08 5.3670e-02 -0.0000e+00 -2.0000e-06 -1.3000e-06 5.0000e-05 4.0000e-05 1.2000e-04 9.0000e-05 3.2000e-05 1.1000e-05 9.0000e-05 3.0000e-05 3.0000e-05 1.2000e-04 6.0000e-05 1.0900e-04
